Title line:"Ground finches microsats. Pop 1 (G. fortis, Medium), pop2 (G. fuliginosa, Small), and pop3 (G. magnirostris, Large)."
Gf03
Gf04
Gf05
Gf08
Gf09
Gf12
Gf13
Gf16
Pop
  Pop1, 0208 0305 0202 0306 0206 0513 0406 0506
  Pop1, 0708 0303 0202 0913 0202 1012 0711 0607
  Pop1, 0103 0303 0202 0305 0107 1214 0610 0606
  Pop1, 0203 0303 0202 0818 0205 0304 0811 0309
  Pop1, 0308 0303 0205 1314 0206 0413 0610 0607
  Pop1, 0203 0305 0202 0101 0206 0509 1012 0106
  Pop1, 0306 0306 0304 0808 0606 0914 0510 0206
  Pop1, 0408 0305 0208 0116 0202 1415 0506 0204
  Pop1, 0206 0303 0205 1119 0506 1014 1010 0406
  Pop1, 0709 0303 0205 1719 0206 1011 0808 0207
  Pop1, 0103 0303 0205 1013 0607 0615 0609 0606
  Pop1, 0103 0303 0205 1013 0607 0615 0609 0606
  Pop1, 0206 0000 0205 0414 0607 1014 0106 0206
  Pop1, 0808 0303 0205 1316 0207 0610 1010 0606
  Pop1, 0308 0303 0202 0310 0206 1414 0505 0608
  Pop1, 0408 0305 0505 0113 0206 1415 0911 0209
  Pop1, 0203 0303 0202 0520 0202 0310 0508 0206
  Pop1, 0710 0303 0205 1719 0206 1011 0808 0207
  Pop1, 0305 0304 0308 0204 0206 1114 0508 0103
  Pop1, 0110 0303 0202 0813 0202 0613 0609 0306
Pop
  Pop2, 0108 0505 0206 0410 0208 0107 0506 0206
  Pop2, 0506 0505 0205 0101 0206 1212 0409 0206
  Pop2, 0208 0505 0505 0915 0202 0514 1010 0206
  Pop2, 0102 0505 0505 0909 0203 0210 0608 0309
  Pop2, 0205 0505 0203 1518 0203 0505 0606 0607
  Pop2, 0206 0303 0505 1216 0202 0512 0106 0406
  Pop2, 0207 0305 0102 0916 0203 0910 0608 0202
  Pop2, 0207 0305 0808 0117 0202 0811 0207 0102
  Pop2, 0305 0305 0606 0909 0206 1013 0106 0207
  Pop2, 0308 0305 0204 0210 0608 0814 0510 0606
Pop
  Pop3, 0610 0303 0202 0114 0206 0714 0606 0207
  Pop3, 0609 0303 0202 1620 0206 0714 0610 0206
  Pop3, 0106 0205 0207 0117 0206 0813 0810 0102
  Pop3, 0107 0303 0207 0408 0202 1414 0910 0509
  Pop3, 0608 0103 0207 0818 0202 0307 0810 0308
  Pop3, 0607 0103 0202 0110 0206 0714 1010 0606
  Pop3, 0206 0305 0202 0517 0606 1114 0610 0609
  Pop3, 0108 0303 0205 1619 0206 1515 0303 0606
  Pop3, 0809 0103 0203 1016 0606 0313 0607 0206
  Pop3, 0809 0303 0203 1416 0202 1414 0610 0207
  Pop3, 0309 0305 0205 1316 0606 0613 0911 0606
  Pop3, 0808 0303 0205 0716 0406 0913 0610 0306
  Pop3, 0108 0303 0202 0313 0606 0809 0707 0206
  Pop3, 0708 0303 0202 0416 0206 0509 0708 0307
  Pop3, 0508 0303 0202 0610 0206 1114 1010 0607
  Pop3, 0107 0305 0202 0816 0606 0505 0710 0707
  Pop3, 0308 0105 0205 0117 0206 0513 0611 0309
  Pop3, 0708 0505 0305 1316 0406 0512 0710 0609
  Pop3, 0308 0303 0308 0416 0202 1213 0810 0206
  Pop3, 0507 0303 0207 1616 0206 0812 0810 0608